,Seoul,Chuncheon,Wonju,Gyeongju,Deajeon,Asan,Gwangju
Seoul,0,16,22,44,29,20,41
Chuncheon,16,0,28,31,45,36,49
Wonju,22,28,0,32,23,42,53
Gyeongju,44,31,32,0,15,43,18
Deajeon,29,45,23,15,0,35,12
Asan,20,36,42,43,35,0,25
Gwangju,41,49,35,18,12,25,0